0.0 197 244
0.004166666666666667 191 253
0.008333333333333333 184 263
0.0125 181 272
0.016666666666666666 178 282
0.020833333333333332 178 289
0.025 175 295
0.029166666666666667 175 305
0.03333333333333333 175 312
0.0375 175 318
0.041666666666666664 175 325
0.04583333333333333 175 331
0.05 175 335
0.05416666666666667 175 338
0.058333333333333334 175 341
0.0625 175 345
0.06666666666666667 181 351
0.07083333333333333 188 354
0.075 194 358
0.07916666666666666 204 358
0.08333333333333333 211 358
0.0875 220 358
0.09166666666666666 230 354
0.09583333333333334 240 351
0.1 250 345
0.10416666666666667 260 341
0.10833333333333334 266 338
0.1125 276 331
0.11666666666666667 283 328
0.12083333333333333 289 322
0.125 296 318
0.12916666666666668 299 315
0.13333333333333333 302 312
0.1375 306 308
0.14166666666666666 309 302
0.14583333333333334 312 299
0.15 316 295
0.15416666666666667 319 295
0.15833333333333333 322 292
0.1625 329 289
0.16666666666666666 335 289
0.17083333333333334 342 289
0.175 348 289
0.17916666666666667 355 289
0.18333333333333332 362 289
0.1875 368 289
0.19166666666666668 375 289
0.19583333333333333 378 289
0.2 381 292
0.20416666666666666 388 299
0.20833333333333334 398 308
0.2125 404 322
0.21666666666666667 404 331
0.22083333333333333 404 345
0.225 404 354
0.22916666666666666 404 364
0.23333333333333334 404 374
0.2375 404 387
0.24166666666666667 404 394
0.24583333333333332 404 404
0.25 401 410
0.25416666666666665 401 417
0.25833333333333336 401 427
0.2625 398 430
0.26666666666666666 398 436
0.2708333333333333 398 440
0.275 398 443
0.2791666666666667 398 446
0.2833333333333333 398 449
0.2875 400 452
0.2916666666666667 406 452
0.29583333333333334 410 452
0.3 420 452
0.30416666666666664 426 448
0.30833333333333335 433 445
0.3125 439 442
0.31666666666666665 446 432
0.32083333333333336 456 422
0.325 462 412
0.32916666666666666 469 402
0.3333333333333333 475 393
0.3375 482 383
0.3416666666666667 485 376
0.3458333333333333 492 366
0.35 495 357
0.3541666666666667 498 350
0.35833333333333334 498 347
0.3625 502 337
0.36666666666666664 505 330
0.37083333333333335 505 327
0.375 505 324
0.37916666666666665 505 320
0.38333333333333336 505 318
0.3875 505 315
0.39166666666666666 505 308
0.3958333333333333 502 302
0.4 499 302
0.4041666666666667 496 302
0.4083333333333333 493 302
0.4125 489 302
0.4166666666666667 483 302
0.42083333333333334 476 298
0.425 470 298
0.42916666666666664 466 298
0.43333333333333335 456 295
0.4375 453 295
0.44166666666666665 447 292
0.44583333333333336 437 285
0.45 430 279
0.45416666666666666 430 272
0.4583333333333333 430 262
0.4625 430 249
0.4666666666666667 430 236
0.4708333333333333 433 220
0.475 433 213
0.4791666666666667 437 203
0.48333333333333334 440 193
0.4875 443 187
0.49166666666666664 447 180
0.49583333333333335 450 174
0.5 453 167
0.5041666666666667 456 164
0.5083333333333333 460 164
0.5125 463 158
0.5166666666666667 466 151
0.5208333333333334 469 144
0.525 473 138
0.5291666666666667 476 135
0.5333333333333333 479 128
0.5375 486 118
0.5416666666666666 486 112
0.5458333333333333 486 108
0.55 486 105
0.5541666666666667 486 102
0.5583333333333333 486 99
0.5625 486 92
0.5666666666666667 482 85
0.5708333333333333 479 82
0.575 476 79
0.5791666666666667 473 76
0.5833333333333334 469 72
0.5875 466 72
0.5916666666666667 463 72
0.5958333333333333 453 66
0.6 443 63
0.6041666666666666 437 63
0.6083333333333333 433 63
0.6125 427 63
0.6166666666666667 420 63
0.6208333333333333 417 63
0.625 410 63
0.6291666666666667 404 66
0.6333333333333333 397 69
0.6375 387 76
0.6416666666666667 377 82
0.6458333333333334 368 95
0.65 361 102
0.6541666666666667 351 115
0.6583333333333333 345 125
0.6625 338 135
0.6666666666666666 335 141
0.6708333333333333 332 148
0.675 328 154
0.6791666666666667 328 158
0.6833333333333333 325 161
0.6875 325 164
0.6916666666666667 325 167
0.6958333333333333 322 171
0.7 322 174
0.7041666666666667 322 177
0.7083333333333334 318 184
0.7125 318 190
0.7166666666666667 315 197
0.7208333333333333 315 204
0.725 315 207
0.7291666666666666 312 210
0.7333333333333333 312 213
0.7375 312 217
0.7416666666666667 312 220
0.7458333333333333 312 223
0.75 312 226
0.7541666666666667 310 226
0.7583333333333333 304 226
0.7625 294 219
0.7666666666666667 291 216
0.7708333333333334 287 213
0.775 281 206
0.7791666666666667 274 200
0.7833333333333333 271 196
0.7875 264 193
0.7916666666666666 261 190
0.7958333333333333 255 183
0.8 251 180
0.8041666666666667 245 177
0.8083333333333333 242 174
0.8125 238 170
0.8166666666666667 232 167
0.8208333333333333 228 164
0.825 225 164
0.8291666666666667 219 160
0.8333333333333334 215 160
0.8375 213 160
0.8416666666666667 210 160
0.8458333333333333 207 160
0.85 200 157
0.8541666666666666 197 157
0.8583333333333333 194 157
0.8625 188 157
0.8666666666666667 185 157
0.8708333333333333 185 160
0.875 178 164
0.8791666666666667 178 167
0.8833333333333333 175 170
0.8875 175 174
0.8916666666666667 175 177
0.8958333333333334 175 180
0.9 175 183
0.9041666666666667 175 187
0.9083333333333333 175 190
0.9125 175 193
0.9166666666666666 175 196
0.9208333333333333 175 200
0.925 175 203
0.9291666666666667 175 210
0.9333333333333333 175 213
0.9375 175 216
0.9416666666666667 175 219
0.9458333333333333 178 223
0.95 178 226
0.9541666666666667 178 229
0.9583333333333334 181 233
0.9625 181 236
0.9666666666666667 185 239
0.9708333333333333 185 242
0.975 188 245
0.9791666666666666 188 249
0.9833333333333333 188 251
0.9875 190 251
0.9916666666666667 190 254
0.9958333333333333 193 254
1.0 197 244
